camera_matrix:
- - 4330.301532695501
  - 0.0
  - 635.0792084397264
- - 0.0
  - 4357.7217078542535
  - 535.0535501819813
- - 0.0
  - 0.0
  - 1.0
distortion_coefficients:
- - 1.155490908793574
  - 25.498365526841564
  - 0.07817664139707722
  - -0.0007389130218064301
  - -664.5768514566137
reprojection_error: 0.08641689380506766
