image_width: 1280
image_height: 720
camera_matrix:
- - 1143.088910323125
  - 0.0
  - 659.514059453944
- - 0.0
  - 1144.5958985719994
  - 382.13606912356335
- - 0.0
  - 0.0
  - 1.0
distortion_coefficients:
- -0.17935758740603408
- 0.11676573492718481
- 0.0
- 0.0
- 0.0
reprojection_error: 1.1014536021936885
per_view_errors:
- 0.5671753883361816
- 0.5792862772941589
- 0.5686213374137878
- 0.5671753883361816
- 0.5691728591918945
- 0.7486741542816162
- 0.46445852518081665
- 1.1280826330184937
- 1.0055404901504517
- 1.0096955299377441
- 1.1035339832305908
- 1.0121166706085205
- 1.0186177492141724
- 1.0231502056121826
- 1.194576621055603
- 1.1891930103302002
- 0.8183249831199646
- 1.0326037406921387
- 0.6127416491508484
- 0.9019471406936646
- 0.9243760108947754
- 0.9602627158164978
- 0.9933114647865295
- 0.9793522953987122
- 1.2605212926864624
- 1.149192452430725
- 1.1232013702392578
- 0.8456737995147705
- 1.2673171758651733
fx: 1143.088910323125
fy: 1144.5958985719994
cx: 659.514059453944
cy: 382.13606912356335
k1: -0.17935758740603408
k2: 0.11676573492718481
p1: 0.0
p2: 0.0
k3: 0.0
version: simple_v3
zoom_name: zoom_1x
pattern_size:
  cols: 22
  rows: 15
square_size: 2.0
model: standard
settings:
  use_sb: true
  exclude_border: 1
  fix_principal: false
  zero_tangential: true
  fallbacks:
  - standard
  - k1_only
  - no_distortion
warnings: []
