image_width: 1280
image_height: 720
camera_matrix:
- - 12143.208604268315
  - 0.0
  - 640.0
- - 0.0
  - 11620.026004447443
  - 360.0
- - 0.0
  - 0.0
  - 1.0
distortion_coefficients:
- 0.0
- 0.0
- 0.0
- 0.0
- 0.0
reprojection_error: 1.989051676086895
per_view_errors:
- 1.6496304273605347
- 1.3157095909118652
- 0.8593865036964417
- 0.7153743505477905
- 0.9540392756462097
- 1.1588627099990845
- 1.3153340816497803
- 1.3956972360610962
- 2.143976926803589
- 2.2468276023864746
- 2.2075114250183105
- 2.116664409637451
- 2.2184925079345703
- 2.3319618701934814
- 2.447214365005493
- 2.257614850997925
- 1.3455615043640137
- 1.3210291862487793
- 1.5124017000198364
- 1.8233309984207153
- 2.037086009979248
- 1.8666059970855713
- 1.845490574836731
- 1.8193974494934082
- 2.161118984222412
- 2.1716508865356445
- 0.6042807102203369
- 0.5782542824745178
fx: 12143.208604268315
fy: 11620.026004447443
cx: 640.0
cy: 360.0
k1: 0.0
k2: 0.0
p1: 0.0
p2: 0.0
k3: 0.0
version: simple_v3
zoom_name: zoom_10x
pattern_size:
  cols: 22
  rows: 15
square_size: 2.0
model: no_distortion
settings:
  use_sb: true
  exclude_border: 3
  fix_principal: true
  zero_tangential: true
  fallbacks:
  - standard
  - k1_only
  - no_distortion
warnings: []
