image_width: 1280
image_height: 720
camera_matrix:
- - 3566.8264662028387
  - 0.0
  - 640.0
- - 0.0
  - 3543.804467326888
  - 360.0
- - 0.0
  - 0.0
  - 1.0
distortion_coefficients:
- 0.524137307527559
- 19.212347418203308
- 0.0
- 0.0
- 0.0
reprojection_error: 1.5532449562034638
per_view_errors:
- 0.6023412942886353
- 1.0346869230270386
- 1.0330308675765991
- 1.4922322034835815
- 1.618528127670288
- 0.6591343879699707
- 0.8776161670684814
- 0.8233448266983032
- 1.461692452430725
- 1.504661202430725
- 1.8435999155044556
- 1.4957278966903687
- 1.3782838582992554
- 1.387988567352295
- 1.7297030687332153
- 2.0474791526794434
- 0.6838676333427429
- 0.9468870759010315
- 1.3384593725204468
- 1.6743204593658447
- 1.1499848365783691
- 1.1740500926971436
- 1.4342925548553467
- 1.6766101121902466
- 1.0960220098495483
fx: 3566.8264662028387
fy: 3543.804467326888
cx: 640.0
cy: 360.0
k1: 0.524137307527559
k2: 19.212347418203308
p1: 0.0
p2: 0.0
k3: 0.0
version: simple_v3
zoom_name: zoom_4x
pattern_size:
  cols: 22
  rows: 15
square_size: 2.0
model: standard
settings:
  use_sb: true
  exclude_border: 2
  fix_principal: true
  zero_tangential: true
  fallbacks:
  - standard
  - k1_only
  - no_distortion
warnings:
- '|k2| yüksek: 19.212'
