image_width: 1280
image_height: 720
camera_matrix:
- - 2856.415632587111
  - 0.0
  - 638.7465647142528
- - 0.0
  - 2853.860771161543
  - 353.2908787732481
- - 0.0
  - 0.0
  - 1.0
distortion_coefficients:
- 0.48252316659198297
- 3.7377739802265517
- 0.0
- 0.0
- 0.0
reprojection_error: 1.2897725953716268
per_view_errors:
- 1.0018376111984253
- 0.4735107421875
- 0.7521224021911621
- 0.9620762467384338
- 1.1921586990356445
- 0.4770365059375763
- 0.717596173286438
- 1.019973874092102
- 1.3130615949630737
- 1.3456768989562988
- 1.0673915147781372
- 1.5177900791168213
- 1.747939944267273
- 0.4457118809223175
- 0.9600255489349365
- 1.14103102684021
- 1.2838563919067383
- 1.7213284969329834
- 1.0739818811416626
- 1.3652260303497314
- 1.8113007545471191
- 0.5357250571250916
- 0.4617348313331604
- 0.8227958083152771
- 1.0996352434158325
- 1.053015112876892
- 0.7993924021720886
- 1.1309471130371094
- 1.111729621887207
fx: 2856.415632587111
fy: 2853.860771161543
cx: 638.7465647142528
cy: 353.2908787732481
k1: 0.48252316659198297
k2: 3.7377739802265517
p1: 0.0
p2: 0.0
k3: 0.0
version: simple_v3
zoom_name: zoom_3x
pattern_size:
  cols: 22
  rows: 15
square_size: 2.0
model: standard
settings:
  use_sb: true
  exclude_border: 1
  fix_principal: false
  zero_tangential: true
  fallbacks:
  - standard
  - k1_only
  - no_distortion
warnings:
- '|k2| yüksek: 3.738'
