camera_matrix:
- - 1142.6191556781396
  - 0.0
  - 677.7322687246083
- - 0.0
  - 1143.1328758259806
  - 384.4535315322697
- - 0.0
  - 0.0
  - 1.0
distortion_coefficients:
- - -0.16613051572146126
  - 0.01804971267312215
  - 0.0027304845883044594
  - 0.003588684452616271
  - 0.2107299668868048
reprojection_error: 0.06671704179531276
