image_width: 1280
image_height: 720
camera_matrix:
- - 4172.661492088328
  - 0.0
  - 640.0
- - 0.0
  - 4169.1428076230695
  - 360.0
- - 0.0
  - 0.0
  - 1.0
distortion_coefficients:
- 1.3874200386911666
- -8.178978945172197
- 0.0
- 0.0
- 0.0
reprojection_error: 1.3722529290309287
per_view_errors:
- 0.3752218186855316
- 0.3828689455986023
- 0.7341635227203369
- 0.9507107138633728
- 1.408695101737976
- 0.9721806645393372
- 0.8604052662849426
- 0.8975712060928345
- 1.37888503074646
- 1.6457297801971436
- 1.1907658576965332
- 1.0680427551269531
- 1.4305830001831055
- 1.6981841325759888
- 1.0781513452529907
- 1.0803343057632446
- 1.158716082572937
- 1.2247334718704224
- 1.614612340927124
- 1.5867877006530762
- 1.25736403465271
- 1.0730297565460205
- 1.4238135814666748
- 1.6949200630187988
- 0.3689785897731781
- 0.2853478491306305
fx: 4172.661492088328
fy: 4169.1428076230695
cx: 640.0
cy: 360.0
k1: 1.3874200386911666
k2: -8.178978945172197
p1: 0.0
p2: 0.0
k3: 0.0
version: simple_v3
zoom_name: zoom_5x
pattern_size:
  cols: 22
  rows: 15
square_size: 2.0
model: standard
settings:
  use_sb: true
  exclude_border: 2
  fix_principal: true
  zero_tangential: true
  fallbacks:
  - standard
  - k1_only
  - no_distortion
warnings:
- '|k1| yüksek: 1.387'
- '|k2| yüksek: -8.179'
