image_width: 1280
image_height: 720
camera_matrix:
- - 5657.159441153939
  - 0.0
  - 640.0
- - 0.0
  - 5657.676997927233
  - 360.0
- - 0.0
  - 0.0
  - 1.0
distortion_coefficients:
- 2.4040351862033678
- 13.0983159026615
- 0.0
- 0.0
- 0.0
reprojection_error: 1.2526421208303946
per_view_errors:
- 0.2472219169139862
- 0.842131495475769
- 1.2340768575668335
- 1.252830982208252
- 1.44988214969635
- 0.42372602224349976
- 0.7042580842971802
- 1.1666297912597656
- 0.6788268685340881
- 1.0745490789413452
- 1.441637635231018
- 1.2124866247177124
- 1.1529748439788818
- 1.5169501304626465
- 0.7125954031944275
- 0.7664082646369934
- 1.245419979095459
- 1.055631160736084
- 1.6547192335128784
- 1.3827160596847534
- 1.427926778793335
- 1.199857234954834
- 0.2501005530357361
- 0.232675239443779
- 0.2370341420173645
- 1.1732177734375
- 0.8361190557479858
fx: 5657.159441153939
fy: 5657.676997927233
cx: 640.0
cy: 360.0
k1: 2.4040351862033678
k2: 13.0983159026615
p1: 0.0
p2: 0.0
k3: 0.0
version: simple_v3
zoom_name: zoom_7x
pattern_size:
  cols: 22
  rows: 15
square_size: 2.0
model: standard
settings:
  use_sb: true
  exclude_border: 3
  fix_principal: true
  zero_tangential: true
  fallbacks:
  - standard
  - k1_only
  - no_distortion
warnings:
- '|k1| yüksek: 2.404'
- '|k2| yüksek: 13.098'
