camera_matrix:
- - 2876.6431116089616
  - 0.0
  - 590.4655280361532
- - 0.0
  - 2878.0237310608973
  - 434.70086184058795
- - 0.0
  - 0.0
  - 1.0
distortion_coefficients:
- - 0.6013869027891269
  - -3.017984523275029
  - 0.02728654528477627
  - -0.01687972630777941
  - 74.95970472308072
reprojection_error: 0.07398865004281079
