image_width: 1280
image_height: 720
camera_matrix:
- - 5906.7341047578
  - 0.0
  - 640.0
- - 0.0
  - 5903.138093678978
  - 360.0
- - 0.0
  - 0.0
  - 1.0
distortion_coefficients:
- 1.9137504912820016
- 0.0
- 0.0
- 0.0
- 0.0
reprojection_error: 1.5377737415010158
per_view_errors:
- 0.24165034294128418
- 0.6093156337738037
- 0.9822388887405396
- 1.1054248809814453
- 0.7800579071044922
- 1.3295261859893799
- 1.1350533962249756
- 1.0848239660263062
- 1.238263726234436
- 1.1263470649719238
- 1.3783115148544312
- 1.6793016195297241
- 1.6441999673843384
- 1.5645537376403809
- 1.5511101484298706
- 1.1370118856430054
- 1.1414217948913574
- 1.1908957958221436
- 1.2066372632980347
- 1.2829488515853882
- 1.562301516532898
- 1.561961054801941
- 1.5763908624649048
- 1.6927980184555054
- 1.6855545043945312
- 1.534658432006836
- 0.222767174243927
- 1.4775227308273315
- 1.721496820449829
fx: 5906.7341047578
fy: 5903.138093678978
cx: 640.0
cy: 360.0
k1: 1.9137504912820016
k2: 0.0
p1: 0.0
p2: 0.0
k3: 0.0
version: simple_v3
zoom_name: zoom_8x
pattern_size:
  cols: 22
  rows: 15
square_size: 2.0
model: k1_only
settings:
  use_sb: true
  exclude_border: 3
  fix_principal: true
  zero_tangential: true
  fallbacks:
  - standard
  - k1_only
  - no_distortion
warnings:
- '|k1| yüksek: 1.914'
