image_width: 1280
image_height: 720
camera_matrix:
- - 6689.723961442546
  - 0.0
  - 640.0
- - 0.0
  - 6674.546963186394
  - 360.0
- - 0.0
  - 0.0
  - 1.0
distortion_coefficients:
- 3.5622997822792564
- 0.0
- 0.0
- 0.0
- 0.0
reprojection_error: 1.652302742154412
per_view_errors:
- 0.30699026584625244
- 0.44106876850128174
- 0.6833643317222595
- 0.7071530222892761
- 1.0053287744522095
- 1.22334623336792
- 1.2590385675430298
- 1.3327860832214355
- 1.4046125411987305
- 1.5893664360046387
- 1.5951262712478638
- 1.5819379091262817
- 1.6168489456176758
- 1.7865020036697388
- 1.9335530996322632
- 1.4570704698562622
- 1.690468430519104
- 1.7967180013656616
- 1.7660325765609741
- 2.0203616619110107
- 2.1057536602020264
- 0.6112537980079651
- 0.6393849849700928
- 1.0916600227355957
- 1.1896036863327026
- 1.6272413730621338
fx: 6689.723961442546
fy: 6674.546963186394
cx: 640.0
cy: 360.0
k1: 3.5622997822792564
k2: 0.0
p1: 0.0
p2: 0.0
k3: 0.0
version: simple_v3
zoom_name: zoom_9x
pattern_size:
  cols: 22
  rows: 15
square_size: 2.0
model: k1_only
settings:
  use_sb: true
  exclude_border: 3
  fix_principal: true
  zero_tangential: true
  fallbacks:
  - standard
  - k1_only
  - no_distortion
warnings:
- '|k1| yüksek: 3.562'
