camera_matrix:
- - 5862.330525768103
  - 0.0
  - 581.5399078011774
- - 0.0
  - 5862.869004185461
  - 416.7495626089142
- - 0.0
  - 0.0
  - 1.0
distortion_coefficients:
- - 2.3867028055689667
  - 34.073187224867645
  - 0.03649726625169781
  - -0.03394615924425123
  - -177.57509130321793
reprojection_error: 0.09266946808893382
