camera_matrix:
- - 5023.636235290551
  - 0.0
  - 598.904314356057
- - 0.0
  - 5038.687212799036
  - 474.3949692248743
- - 0.0
  - 0.0
  - 1.0
distortion_coefficients:
- - 1.5681201057171217
  - 60.25718495764152
  - 0.05888910304164379
  - -0.020736160065783858
  - -2337.1989330349074
reprojection_error: 0.09839214049665199
