camera_matrix:
- - 2084.006701471273
  - 0.0
  - 677.5607165149307
- - 0.0
  - 2081.044491163468
  - 446.8330876826734
- - 0.0
  - 0.0
  - 1.0
distortion_coefficients:
- - 0.40368301736502166
  - -3.3379068760354915
  - 0.0229622868196895
  - 0.005380434064164938
  - 24.43278183899011
reprojection_error: 0.08622927375645507
