image_width: 1280
image_height: 720
camera_matrix:
- - 4760.220191747762
  - 0.0
  - 640.0
- - 0.0
  - 4759.149026169525
  - 360.0
- - 0.0
  - 0.0
  - 1.0
distortion_coefficients:
- 1.7328918225388474
- 0.0
- 0.0
- 0.0
- 0.0
reprojection_error: 1.3945414797769327
per_view_errors:
- 0.38696855306625366
- 0.6805254220962524
- 1.1130074262619019
- 1.5902756452560425
- 1.2343065738677979
- 1.2291646003723145
- 1.170074701309204
- 1.6469037532806396
- 1.7761949300765991
- 1.2381657361984253
- 1.606274962425232
- 1.8239572048187256
- 1.1958142518997192
- 1.1704508066177368
- 1.2032370567321777
- 1.271892786026001
- 1.402239203453064
- 1.157422423362732
- 1.171481966972351
- 1.237662672996521
- 1.2620092630386353
- 1.4637144804000854
- 0.25189685821533203
- 0.22514745593070984
- 0.21775060892105103
- 0.6581628322601318
- 0.2629040479660034
fx: 4760.220191747762
fy: 4759.149026169525
cx: 640.0
cy: 360.0
k1: 1.7328918225388474
k2: 0.0
p1: 0.0
p2: 0.0
k3: 0.0
version: simple_v3
zoom_name: zoom_6x
pattern_size:
  cols: 22
  rows: 15
square_size: 2.0
model: k1_only
settings:
  use_sb: true
  exclude_border: 3
  fix_principal: true
  zero_tangential: true
  fallbacks:
  - standard
  - k1_only
  - no_distortion
warnings:
- '|k1| yüksek: 1.733'
