camera_matrix:
- - 3672.121775217167
  - 0.0
  - 483.594796584797
- - 0.0
  - 3639.8646744308903
  - 456.40530024106533
- - 0.0
  - 0.0
  - 1.0
distortion_coefficients:
- - 0.7168858682762221
  - 5.765200652716486
  - 0.03653769410632958
  - -0.05493522827907084
  - 8.602728127128149
reprojection_error: 0.09911945730187473
