image_width: 1280
image_height: 720
camera_matrix:
- - 2088.4918356707876
  - 0.0
  - 658.8921949115469
- - 0.0
  - 2082.398303231032
  - 372.8408417885607
- - 0.0
  - 0.0
  - 1.0
distortion_coefficients:
- 0.3227920348584719
- -0.8485605808061664
- 0.0
- 0.0
- 0.0
reprojection_error: 1.6180030055533232
per_view_errors:
- 1.4529513120651245
- 1.5288599729537964
- 1.00199556350708
- 1.116791009902954
- 1.9540088176727295
- 1.7890115976333618
- 1.7906748056411743
- 1.5984398126602173
- 0.780993640422821
- 1.0809121131896973
- 0.6763119101524353
- 1.051461935043335
- 1.025423288345337
- 1.4476693868637085
- 1.7519917488098145
- 1.8081165552139282
- 2.077939510345459
- 1.4020376205444336
- 1.4128574132919312
- 1.3953782320022583
- 1.5558041334152222
- 1.1573187112808228
- 1.140452265739441
- 1.6462416648864746
- 1.648474097251892
- 1.7724114656448364
- 1.610290765762329
- 0.8595933318138123
- 0.8482186794281006
- 0.6954708099365234
- 0.6962707042694092
- 0.4827733337879181
- 0.8977527618408203
fx: 2088.4918356707876
fy: 2082.398303231032
cx: 658.8921949115469
cy: 372.8408417885607
k1: 0.3227920348584719
k2: -0.8485605808061664
p1: 0.0
p2: 0.0
k3: 0.0
version: simple_v3
zoom_name: zoom_2x
pattern_size:
  cols: 22
  rows: 15
square_size: 2.0
model: standard
settings:
  use_sb: true
  exclude_border: 1
  fix_principal: false
  zero_tangential: true
  fallbacks:
  - standard
  - k1_only
  - no_distortion
warnings: []
